[gd_scene load_steps=17 format=2]

[ext_resource path="res://characters/Hitbox.tscn" type="PackedScene" id=1]
[ext_resource path="res://characters/enemies/raw_assets/birdmonster/birdmonster.glb" type="PackedScene" id=2]
[ext_resource path="res://characters/enemies/Monster.gd" type="Script" id=3]
[ext_resource path="res://characters/HealthManager.tscn" type="PackedScene" id=4]
[ext_resource path="res://characters/CharacterMover.tscn" type="PackedScene" id=5]
[ext_resource path="res://weapons/DamageArea.tscn" type="PackedScene" id=6]
[ext_resource path="res://characters/enemies/AimAtObject.gd" type="Script" id=7]

[sub_resource type="CapsuleShape" id=1]
radius = 0.5

[sub_resource type="CapsuleShape" id=2]
radius = 0.5

[sub_resource type="CapsuleShape" id=3]
radius = 0.5

[sub_resource type="CapsuleShape" id=5]
radius = 0.5

[sub_resource type="BoxShape" id=6]
extents = Vector3( 1, 1, 1.21503 )

[sub_resource type="SphereShape" id=8]

[sub_resource type="BoxShape" id=7]
extents = Vector3( 1, 6.45584, 1.21503 )

[sub_resource type="CapsuleShape" id=4]
radius = 0.5

[sub_resource type="CapsuleShape" id=9]
radius = 0.5

[node name="BirdMonster" type="KinematicBody"]
collision_layer = 2
collision_mask = 7
script = ExtResource( 3 )

[node name="Graphics" parent="." instance=ExtResource( 2 )]

[node name="ArmUL" type="BoneAttachment" parent="Graphics/Armature/Skeleton" index="1"]
transform = Transform( -0.762323, 0.647196, 8.20133e-07, -0.52914, -0.623267, 0.575803, 0.372658, 0.438947, 0.817589, 0.176714, 1.48577, -0.135291 )
bone_name = "upper_arm.l"

[node name="Hitbox" parent="Graphics/Armature/Skeleton/ArmUL" instance=ExtResource( 1 )]

[node name="CollisionShape2" type="CollisionShape" parent="Graphics/Armature/Skeleton/ArmUL/Hitbox"]
transform = Transform( 1.52448, 0, -2.98023e-08, 1.04308e-07, 2.88875, 2.5332e-07, 8.9407e-08, -8.34465e-07, 0.95139, 0, 0, 0 )
shape = SubResource( 1 )

[node name="LegUL" type="BoneAttachment" parent="Graphics/Armature/Skeleton" index="2"]
transform = Transform( -0.782999, 0.14838, 0.604046, 0.0548854, -0.95086, 0.304714, 0.619573, 0.271751, 0.736382, 0.131876, 0.936301, 1.36788e-07 )
bone_name = "upperleg.l"

[node name="Hitbox" parent="Graphics/Armature/Skeleton/LegUL" instance=ExtResource( 1 )]

[node name="CollisionShape2" type="CollisionShape" parent="Graphics/Armature/Skeleton/LegUL/Hitbox"]
transform = Transform( 1.52448, -5.96046e-08, -2.98023e-08, 1.19209e-07, 2.88875, 2.5332e-07, 1.19209e-07, -8.34465e-07, 0.95139, -0.150891, -0.0048151, -0.000435829 )
shape = SubResource( 2 )

[node name="LegUR" type="BoneAttachment" parent="Graphics/Armature/Skeleton" index="3"]
transform = Transform( -0.782998, -0.148381, -0.604045, -0.0548847, -0.950859, 0.304716, -0.619573, 0.271751, 0.736382, -0.131876, 0.936301, 1.36788e-07 )
bone_name = "upperleg.r"

[node name="Hitbox" parent="Graphics/Armature/Skeleton/LegUR" instance=ExtResource( 1 )]

[node name="CollisionShape2" type="CollisionShape" parent="Graphics/Armature/Skeleton/LegUR/Hitbox"]
transform = Transform( 1.52448, 5.96046e-08, -5.96046e-08, 7.45058e-08, 2.88875, 2.90573e-07, 1.19209e-07, -9.53674e-07, 0.95139, -0.208357, -0.0198612, -0.151428 )
shape = SubResource( 3 )

[node name="LegLR" type="BoneAttachment" parent="Graphics/Armature/Skeleton" index="4"]
transform = Transform( -0.786344, 0.178841, -0.591314, -0.0264676, -0.966051, -0.256985, -0.617197, -0.186425, 0.76439, -0.193832, 0.539271, 0.11347 )
bone_name = "lowerleg.r"

[node name="Hitbox" parent="Graphics/Armature/Skeleton/LegLR" instance=ExtResource( 1 )]

[node name="CollisionShape2" type="CollisionShape" parent="Graphics/Armature/Skeleton/LegLR/Hitbox"]
transform = Transform( 0.727276, 0.00268817, 0.0872183, 0.0012068, 2.81109, 0.109998, 0.119728, -0.107837, 0.419655, -0.0974061, 0.423921, -0.0523043 )
shape = SubResource( 5 )

[node name="LegLL" type="BoneAttachment" parent="Graphics/Armature/Skeleton" index="5"]
transform = Transform( -0.786345, -0.178843, 0.591314, 0.0264683, -0.966051, -0.256987, 0.617196, -0.186426, 0.76439, 0.193832, 0.539271, 0.113469 )
bone_name = "lowerleg.l"

[node name="Hitbox" parent="Graphics/Armature/Skeleton/LegLL" instance=ExtResource( 1 )]

[node name="CollisionShape2" type="CollisionShape" parent="Graphics/Armature/Skeleton/LegLL/Hitbox"]
transform = Transform( 0.727276, 0.00268817, 0.0872183, 0.0012068, 2.81109, 0.109998, 0.119728, -0.107837, 0.419655, -0.0974061, 0.423921, -0.0523043 )
shape = SubResource( 5 )

[node name="Hip" type="BoneAttachment" parent="Graphics/Armature/Skeleton" index="6"]
transform = Transform( 1, 0, 0, 0, 1, 0, 0, 0, 1, 0, 0.915201, 0 )
bone_name = "hip"

[node name="Hitbox" parent="Graphics/Armature/Skeleton/Hip" instance=ExtResource( 1 )]
transform = Transform( 0.0929895, -9.12696e-08, -2.04891e-08, 1.11759e-08, 0.170894, 3.72529e-09, 3.72529e-09, 4.84288e-08, 0.0929895, 0, 0, 0 )

[node name="CollisionShape2" type="CollisionShape" parent="Graphics/Armature/Skeleton/Hip/Hitbox"]
transform = Transform( 1.74198, 0.00643281, 0.208906, -0.024271, 0.648645, -0.0614969, 0.283286, -0.0717144, 0.99983, -0.0974059, 0.718066, -0.0523045 )
shape = SubResource( 6 )

[node name="Body" type="BoneAttachment" parent="Graphics/Armature/Skeleton" index="7"]
transform = Transform( 1, 0, 2.38418e-07, -8.6824e-08, 0.931334, 0.364166, -2.22047e-07, -0.364166, 0.931334, 0, 1.13977, 0 )
bone_name = "body"

[node name="Hitbox2" parent="Graphics/Armature/Skeleton/Body" instance=ExtResource( 1 )]
transform = Transform( 1, -1.20185e-07, -4.00614e-08, 1.20185e-07, 1, -2.68221e-07, 4.00614e-08, 2.68221e-07, 1, 0, 0, 0 )
weak_spot = true

[node name="CollisionShape3" type="CollisionShape" parent="Graphics/Armature/Skeleton/Body/Hitbox2"]
transform = Transform( 0.0709085, -7.10543e-15, 5.32907e-15, -2.66454e-15, 0.0709085, 2.42144e-08, -7.10543e-15, -2.42144e-08, 0.0709085, 4.49603e-09, 0.492039, 0.27546 )
shape = SubResource( 8 )

[node name="Hitbox" parent="Graphics/Armature/Skeleton/Body" instance=ExtResource( 1 )]
transform = Transform( 1, -1.20185e-07, -4.00614e-08, 1.20185e-07, 1, -2.83385e-07, 4.00614e-08, 2.83385e-07, 1, 0, 0, 0 )

[node name="CollisionShape2" type="CollisionShape" parent="Graphics/Armature/Skeleton/Body/Hitbox"]
transform = Transform( 0.180421, 7.9279e-10, -6.00263e-09, 6.40176e-09, 0.0411549, -0.0215299, -1.05657e-08, 0.00740122, 0.119718, -7.52458e-09, 0.308726, 0.0306684 )
shape = SubResource( 7 )

[node name="ArmUR" type="BoneAttachment" parent="Graphics/Armature/Skeleton" index="8"]
transform = Transform( -0.762323, -0.647196, -8.04094e-07, 0.52914, -0.623267, 0.575803, -0.372658, 0.438947, 0.817589, -0.176714, 1.48577, -0.135291 )
bone_name = "upper_arm.r"

[node name="Hitbox" parent="Graphics/Armature/Skeleton/ArmUR" instance=ExtResource( 1 )]

[node name="CollisionShape2" type="CollisionShape" parent="Graphics/Armature/Skeleton/ArmUR/Hitbox"]
transform = Transform( 1.52448, 0, -2.98023e-08, 1.04308e-07, 2.88875, 2.5332e-07, 8.9407e-08, -8.34465e-07, 0.95139, 0, 0, 0 )
shape = SubResource( 1 )

[node name="ArmLR" type="BoneAttachment" parent="Graphics/Armature/Skeleton" index="9"]
transform = Transform( -0.998522, -0.0543442, -6.79123e-07, 0.0332622, -0.611173, 0.790798, -0.0429755, 0.78963, 0.612077, -0.456291, 1.21653, 0.0543261 )
bone_name = "lower_arm.r"

[node name="Hitbox" parent="Graphics/Armature/Skeleton/ArmLR" instance=ExtResource( 1 )]

[node name="CollisionShape2" type="CollisionShape" parent="Graphics/Armature/Skeleton/ArmLR/Hitbox"]
transform = Transform( 0.863645, -1.93715e-07, -2.23517e-08, 4.47035e-08, 2.88875, 5.96046e-08, 4.47035e-08, 0, 0.423852, 0, 0, 0 )
shape = SubResource( 4 )

[node name="CollisionShape3" type="CollisionShape" parent="Graphics/Armature/Skeleton/ArmLR/Hitbox"]
transform = Transform( 0.542015, -1.76617, -0.0185478, 0.407297, 2.289, 0.0761129, -0.0502879, -0.496895, 0.416549, -0.791397, 2.7484, -0.25117 )
shape = SubResource( 4 )

[node name="CollisionShape5" type="CollisionShape" parent="Graphics/Armature/Skeleton/ArmLR/Hitbox"]
transform = Transform( 0.542681, -1.40528, -0.110437, 0.403274, 1.52475, 0.185935, -0.0711914, -2.07512, 0.211409, -0.561429, 2.04637, -1.64339 )
shape = SubResource( 4 )

[node name="CollisionShape4" type="CollisionShape" parent="Graphics/Armature/Skeleton/ArmLR/Hitbox"]
transform = Transform( 0.3721, -1.86051, 0.118975, 0.358016, 1.97281, -0.10997, -0.0125098, 1.11908, 0.391665, -0.507215, 2.37374, 1.32276 )
shape = SubResource( 4 )

[node name="ArmLL" type="BoneAttachment" parent="Graphics/Armature/Skeleton" index="10"]
transform = Transform( -0.998522, 0.0543442, 6.6465e-07, -0.0332621, -0.611173, 0.790798, 0.0429756, 0.78963, 0.612077, 0.456291, 1.21653, 0.054326 )
bone_name = "lower_arm.l"

[node name="Hitbox" parent="Graphics/Armature/Skeleton/ArmLL" instance=ExtResource( 1 )]

[node name="CollisionShape2" type="CollisionShape" parent="Graphics/Armature/Skeleton/ArmLL/Hitbox"]
transform = Transform( 0.863645, -1.93715e-07, -2.23517e-08, 4.47035e-08, 2.88875, 5.96046e-08, 4.47035e-08, 0, 0.423852, 0, 0, 0 )
shape = SubResource( 4 )

[node name="CollisionShape3" type="CollisionShape" parent="Graphics/Armature/Skeleton/ArmLL/Hitbox"]
transform = Transform( 0.857244, 1.91279, -0.0888219, 0.0798801, 2.26919, 0.0821079, 0.316507, -0.111979, 0.40344, 0.673066, 2.66822, 0.0292606 )
shape = SubResource( 4 )

[node name="CollisionShape5" type="CollisionShape" parent="Graphics/Armature/Skeleton/ArmLL/Hitbox"]
transform = Transform( 0.739026, 1.42773, -0.050088, 0.181167, 1.7155, 0.187013, 0.437982, -1.46799, 0.230266, 0.419792, 2.04182, -1.4155 )
shape = SubResource( 4 )

[node name="CollisionShape4" type="CollisionShape" parent="Graphics/Armature/Skeleton/ArmLL/Hitbox"]
transform = Transform( 0.727811, 1.56224, -0.203089, 0.0497944, 2.05498, -0.0868917, 0.182856, 1.07491, 0.376372, 0.652267, 2.22561, 1.23208 )
shape = SubResource( 4 )

[node name="CollisionShape" type="CollisionShape" parent="."]
transform = Transform( 1, 0, 0, 0, -4.37114e-08, -1, 0, 1, -4.37114e-08, 0, 1, 0 )
shape = SubResource( 9 )

[node name="HealthManager" parent="." instance=ExtResource( 4 )]
transform = Transform( 1, 0, 0, 0, 1, 0, 0, 0, 1, 0, 1.47677, 0 )
max_health = 35

[node name="CharacterMover" parent="." instance=ExtResource( 5 )]
max_speed = 10
ignore_rotation = true

[node name="AimAtObject" type="Spatial" parent="."]
transform = Transform( 1, 0, 0, 0, 1, 0, 0, 0, 1, 0, 1, 0 )
script = ExtResource( 7 )

[node name="DamageArea" parent="AimAtObject" instance=ExtResource( 6 )]
transform = Transform( 1, 0, 0, 0, 1, 0, 0, 0, 1, 0, 0, 1.3143 )

[editable path="Graphics"]
