[gd_scene load_steps=18 format=2]

[ext_resource path="res://characters/Hitbox.tscn" type="PackedScene" id=1]
[ext_resource path="res://characters/enemies/raw_assets/reptilemonster/reptilemonster.glb" type="PackedScene" id=2]
[ext_resource path="res://characters/enemies/Monster.gd" type="Script" id=3]
[ext_resource path="res://characters/HealthManager.tscn" type="PackedScene" id=4]
[ext_resource path="res://characters/CharacterMover.tscn" type="PackedScene" id=5]
[ext_resource path="res://weapons/FireballSpawner.tscn" type="PackedScene" id=6]
[ext_resource path="res://characters/enemies/AimAtObject.gd" type="Script" id=7]

[sub_resource type="CapsuleShape" id=1]
radius = 0.5

[sub_resource type="CapsuleShape" id=2]
radius = 0.5

[sub_resource type="CapsuleShape" id=3]
radius = 0.5

[sub_resource type="CapsuleShape" id=5]
radius = 0.5

[sub_resource type="BoxShape" id=6]
extents = Vector3( 1, 1, 1.21503 )

[sub_resource type="BoxShape" id=10]
extents = Vector3( 0.1, 0.1, 0.1 )

[sub_resource type="BoxShape" id=7]
extents = Vector3( 1, 7.65894, 1.21503 )

[sub_resource type="BoxShape" id=11]
extents = Vector3( 1, 6.45584, 1.21503 )

[sub_resource type="CapsuleShape" id=4]
radius = 0.5

[sub_resource type="CapsuleShape" id=9]
radius = 0.5

[node name="ReptileMonster" type="KinematicBody"]
collision_layer = 2
collision_mask = 7
script = ExtResource( 3 )
attack_range = 100.0
attack_rate = 1.0

[node name="Graphics" parent="." instance=ExtResource( 2 )]

[node name="ArmUL" type="BoneAttachment" parent="Graphics/Armature/Skeleton" index="1"]
transform = Transform( -0.768204, 0.639068, -0.0381404, -0.634004, -0.767684, -0.0932756, -0.0888892, -0.0474735, 0.994909, 0.218738, 1.59086, 0.0117653 )
bone_name = "upper_arml"

[node name="Hitbox" parent="Graphics/Armature/Skeleton/ArmUL" instance=ExtResource( 1 )]

[node name="CollisionShape2" type="CollisionShape" parent="Graphics/Armature/Skeleton/ArmUL/Hitbox"]
transform = Transform( 1.52448, 4.56348e-07, -2.98023e-08, 9.17353e-08, 2.88875, 2.47732e-07, 2.98023e-08, -8.64267e-07, 0.95139, 2.86102e-06, 9.53674e-07, 0.277183 )
shape = SubResource( 1 )

[node name="LegUL" type="BoneAttachment" parent="Graphics/Armature/Skeleton" index="2"]
transform = Transform( -0.782999, 0.14838, 0.604046, 0.0548854, -0.95086, 0.304714, 0.619573, 0.271751, 0.736382, 0.131876, 0.936301, 1.36788e-07 )
bone_name = "upperleg.l"

[node name="Hitbox" parent="Graphics/Armature/Skeleton/LegUL" instance=ExtResource( 1 )]

[node name="CollisionShape2" type="CollisionShape" parent="Graphics/Armature/Skeleton/LegUL/Hitbox"]
transform = Transform( 1.52448, -5.96046e-08, -2.98023e-08, 1.19209e-07, 2.88875, 2.5332e-07, 1.19209e-07, -8.34465e-07, 0.95139, -0.150891, -0.0048151, -0.000435829 )
shape = SubResource( 2 )

[node name="LegUR" type="BoneAttachment" parent="Graphics/Armature/Skeleton" index="3"]
transform = Transform( -0.782998, -0.148381, -0.604045, -0.0548847, -0.950859, 0.304716, -0.619573, 0.271751, 0.736382, -0.131876, 0.936301, 1.36788e-07 )
bone_name = "upperleg.r"

[node name="Hitbox" parent="Graphics/Armature/Skeleton/LegUR" instance=ExtResource( 1 )]

[node name="CollisionShape2" type="CollisionShape" parent="Graphics/Armature/Skeleton/LegUR/Hitbox"]
transform = Transform( 1.52448, 5.96046e-08, -5.96046e-08, 7.45058e-08, 2.88875, 2.90573e-07, 1.19209e-07, -9.53674e-07, 0.95139, -0.208357, -0.0198612, -0.151428 )
shape = SubResource( 3 )

[node name="LegLR" type="BoneAttachment" parent="Graphics/Armature/Skeleton" index="4"]
transform = Transform( -0.786344, 0.178841, -0.591314, -0.0264676, -0.966051, -0.256985, -0.617197, -0.186425, 0.76439, -0.193832, 0.539271, 0.11347 )
bone_name = "lowerleg.r"

[node name="Hitbox" parent="Graphics/Armature/Skeleton/LegLR" instance=ExtResource( 1 )]

[node name="CollisionShape2" type="CollisionShape" parent="Graphics/Armature/Skeleton/LegLR/Hitbox"]
transform = Transform( 0.727276, 0.00268817, 0.0872183, 0.0012068, 2.81109, 0.109998, 0.119728, -0.107837, 0.419655, -0.0974061, 0.423921, -0.0523043 )
shape = SubResource( 5 )

[node name="LegLL" type="BoneAttachment" parent="Graphics/Armature/Skeleton" index="5"]
transform = Transform( -0.786345, -0.178843, 0.591314, 0.0264683, -0.966051, -0.256987, 0.617196, -0.186426, 0.76439, 0.193832, 0.539271, 0.113469 )
bone_name = "lowerleg.l"

[node name="Hitbox" parent="Graphics/Armature/Skeleton/LegLL" instance=ExtResource( 1 )]

[node name="CollisionShape2" type="CollisionShape" parent="Graphics/Armature/Skeleton/LegLL/Hitbox"]
transform = Transform( 0.727276, 0.00268817, 0.0872183, 0.0012068, 2.81109, 0.109998, 0.119728, -0.107837, 0.419655, -0.0974061, 0.423921, -0.0523043 )
shape = SubResource( 5 )

[node name="Hip" type="BoneAttachment" parent="Graphics/Armature/Skeleton" index="6"]
transform = Transform( 1, 0, 0, 0, 0.978673, -0.205425, 0, 0.205425, 0.978673, 2.84689e-18, 0.948998, -0.0952436 )
bone_name = "hip"

[node name="Hitbox" parent="Graphics/Armature/Skeleton/Hip" instance=ExtResource( 1 )]
transform = Transform( 0.0929895, -9.12696e-08, -2.04891e-08, 1.11759e-08, 0.170894, 3.72529e-09, 3.72529e-09, 4.84288e-08, 0.0929895, 0, 0, 0 )

[node name="CollisionShape2" type="CollisionShape" parent="Graphics/Armature/Skeleton/Hip/Hitbox"]
transform = Transform( 1.74198, 0.00643281, 0.208906, -0.024271, 0.648645, -0.0614969, 0.283286, -0.0717144, 0.99983, 0.395355, 0.720905, 0.349502 )
shape = SubResource( 6 )

[node name="Body" type="BoneAttachment" parent="Graphics/Armature/Skeleton" index="7"]
transform = Transform( 1, 1.77636e-15, -2.38419e-07, -2.5024e-08, 0.994477, -0.104958, 2.37102e-07, 0.104958, 0.994477, 2.84689e-18, 1.20205, -0.042127 )
bone_name = "body"

[node name="Hitbox2" parent="Graphics/Armature/Skeleton/Body" instance=ExtResource( 1 )]
transform = Transform( 1, -1.20185e-07, -4.00614e-08, 1.20185e-07, 1, -2.68221e-07, 4.00614e-08, 2.68221e-07, 1, 0, 0, 0 )
weak_spot = true

[node name="CollisionShape3" type="CollisionShape" parent="Graphics/Armature/Skeleton/Body/Hitbox2"]
transform = Transform( 0.338544, 4.61853e-14, 5.68434e-14, -4.26326e-14, 0.26761, -0.326007, -7.10543e-15, 0.0740638, 1.17794, 3.30216e-08, 0.625582, 0.264499 )
shape = SubResource( 10 )

[node name="Hitbox" parent="Graphics/Armature/Skeleton/Body" instance=ExtResource( 1 )]
transform = Transform( 1, -1.20185e-07, -4.00614e-08, 1.20185e-07, 1, -2.83385e-07, 4.00614e-08, 2.83385e-07, 1, 0, 0, 0 )

[node name="CollisionShape2" type="CollisionShape" parent="Graphics/Armature/Skeleton/Body/Hitbox"]
transform = Transform( 0.180421, 7.92789e-10, -6.00263e-09, 6.40176e-09, 0.0411549, -0.0215299, -1.05657e-08, 0.00740122, 0.119718, -7.95779e-10, 0.290093, 0.13428 )
shape = SubResource( 7 )

[node name="CollisionShape3" type="CollisionShape" parent="Graphics/Armature/Skeleton/Body/Hitbox"]
transform = Transform( 0.180421, -5.93706e-10, 8.14782e-09, 6.40176e-09, 0.0394786, -0.040091, -1.05657e-08, 0.0137819, 0.114842, 9.33012e-09, 0.0553602, 0.164967 )
shape = SubResource( 11 )

[node name="ArmLL" type="BoneAttachment" parent="Graphics/Armature/Skeleton" index="8"]
transform = Transform( -0.859372, 0.371408, -0.351477, -0.506519, -0.712558, 0.48549, -0.0701327, 0.595246, 0.800477, 0.43137, 1.33543, -0.00403016 )
bone_name = "lower_arml"

[node name="Hitbox" parent="Graphics/Armature/Skeleton/ArmLL" instance=ExtResource( 1 )]

[node name="CollisionShape2" type="CollisionShape" parent="Graphics/Armature/Skeleton/ArmLL/Hitbox"]
transform = Transform( 0.863645, -1.49012e-08, -7.82311e-08, 3.35276e-08, 2.88875, 2.23517e-08, -1.86265e-08, -9.53674e-07, 0.423852, -0.29477, 0.374496, -9.53674e-07 )
shape = SubResource( 4 )

[node name="ArmUR" type="BoneAttachment" parent="Graphics/Armature/Skeleton" index="9"]
transform = Transform( -0.768204, -0.639068, 0.0381405, 0.634004, -0.767684, -0.0932756, 0.0888892, -0.0474735, 0.994909, -0.218738, 1.59086, 0.0117653 )
bone_name = "upper_armr"

[node name="Hitbox" parent="Graphics/Armature/Skeleton/ArmUR" instance=ExtResource( 1 )]

[node name="CollisionShape2" type="CollisionShape" parent="Graphics/Armature/Skeleton/ArmUR/Hitbox"]
transform = Transform( 1.52448, 4.56348e-07, -2.98023e-08, 9.17353e-08, 2.88875, 2.47732e-07, 2.98023e-08, -8.64267e-07, 0.95139, 2.86102e-06, 9.53674e-07, 0.277183 )
shape = SubResource( 1 )

[node name="ArmLR" type="BoneAttachment" parent="Graphics/Armature/Skeleton" index="10"]
transform = Transform( -0.859371, -0.371408, 0.351477, 0.506519, -0.712557, 0.48549, 0.0701327, 0.595246, 0.800477, -0.43137, 1.33543, -0.00403017 )
bone_name = "lower_armr"

[node name="Hitbox" parent="Graphics/Armature/Skeleton/ArmLR" instance=ExtResource( 1 )]

[node name="CollisionShape2" type="CollisionShape" parent="Graphics/Armature/Skeleton/ArmLR/Hitbox"]
transform = Transform( 0.863645, -1.49012e-08, -7.82311e-08, 3.35276e-08, 2.88875, 2.23517e-08, -1.86265e-08, -9.53674e-07, 0.423852, -0.29477, 0.374496, -9.53674e-07 )
shape = SubResource( 4 )

[node name="AnimationPlayer" parent="Graphics" index="1"]
autoplay = "idle_loop"

[node name="CollisionShape" type="CollisionShape" parent="."]
transform = Transform( 1, 0, 0, 0, -4.37114e-08, -1, 0, 1, -4.37114e-08, 0, 1, 0 )
shape = SubResource( 9 )

[node name="HealthManager" parent="." instance=ExtResource( 4 )]
transform = Transform( 1, 0, 0, 0, 1, 0, 0, 0, 1, 0, 1.41805, 0 )
max_health = 20

[node name="CharacterMover" parent="." instance=ExtResource( 5 )]
max_speed = 10
ignore_rotation = true

[node name="AimAtObject" type="Spatial" parent="."]
transform = Transform( 1, 0, 0, 0, 1, 0, 0, 0, 1, 0, 1, 0 )
script = ExtResource( 7 )

[node name="FireballSpawner" parent="AimAtObject" instance=ExtResource( 6 )]
transform = Transform( -1, 0, -8.74228e-08, 0, 1, 0, 8.74228e-08, 0, -1, 9.51701e-08, 0, 1.08862 )

[editable path="Graphics"]
